<?xml version="1.0" encoding="UTF-8" ?>
<genericviewer version="0.1">
	<project name="i3mainz, C0.04">
		<creator>i3mainz</creator>
		<date>Tue Dec 15 11:18:52 CET 2015</date>
		<comment/>
	</project>
	<spatialcontext id="Gamma">
		<resources>
			<resource id="metadata">
				<spatialcontext>
					<place>i3mainz, C0.04</place>
					<date>2014-07-09</date>
				</spatialcontext>
				<transformation>
					<srccrs>spatialcontext</srccrs>
					<dstcrs>spatialcontext</dstcrs>
					<params>1.0,0.0,0.0,0.0,0.0,1.0,0.0,0.0,0.0,0.0,1.0,0.0,0.0,0.0,0.0,1.0</params>
				</transformation>
			</resource>
			<resource id="media">
				<media type="groundplan">
					<data>
						<mediatype>groundplan</mediatype>
						<filename>http://ibr.spatialhumanities.de/pano/gamma/groundplan_BW.png</filename>
						<description>Grundriss</description>
					</data>
					<transformation>
						<srccrs>media</srccrs>
						<dstcrs>spatialcontext</dstcrs>
						<params>18.7591844660194,0.499033009708725,-3.57261747572816,0.0,-0.623546925566348,-18.0482627831715,9.9135430420712,0.0,0.0,0.0,1.0,0.0,0.0,0.0,0.0,1.0</params>
					</transformation>
				</media>
				<media type="groundplan">
					<data>
						<mediatype>groundplan</mediatype>
						<filename>http://ibr.spatialhumanities.de/pano/gamma/groundplan_RGB.png</filename>
						<description>Stadtplan</description>
					</data>
					<transformation>
						<srccrs>media</srccrs>
						<dstcrs>spatialcontext</dstcrs>
						<params>177.7683185664937,1.5880335606634617,3446177.358338656,0.0,-6.892013017088175,-156.09766190685332,5541320.074632147,0.0,0.0,0.0,1.0,0.0,0.0,0.0,0.0,1.0</params>
					</transformation>
				</media>
			</resource>
			<resource id="viewpoint">
				<viewpoint name="gamma_01">
					<metadata>
						<viewpointname>gamma_01</viewpointname>
						<transformation>
							<srccrs>viewpoint</srccrs>
							<dstcrs>spatialcontext</dstcrs>
							<params>1.0,0.0,0.0,0.0,0.0,1.0,0.0,0.0,0.0,0.0,1.0,0.0,0.0,0.0,0.0,1.0</params>
						</transformation>
					</metadata>
					<pointclouds>
						<pointcloud>
							<metadata>
								<filename>gamma_01.PTG</filename>
								<type>PTG</type>
								<bbox_local>0,0,0,0</bbox_local>
								<bbox_global>0,0,0,0</bbox_global>
								<bbox_polar>0,0,0,0</bbox_polar>
								<remissionrange>0,0</remissionrange>
								<rows>0</rows>
								<cols>0</cols>
							</metadata>
							<transformation>
								<srccrs>pointcloud</srccrs>
								<dstcrs>viewpoint</dstcrs>
								<params>1.0,0.0,0.0,0.0,0.0,1.0,0.0,0.0,0.0,0.0,1.0,0.0,0.0,0.0,0.0,1.0</params>
							</transformation>
						</pointcloud>
					</pointclouds>
					<panoramas>
						<panorama>
							<structuraltype>cube</structuraltype>
							<kindof>Farbpanorama (rgb)</kindof>
							<transformation>
								<srccrs>panorama</srccrs>
								<dstcrs>viewpoint</dstcrs>
								<params>-0.5981624793754938,-0.5736173481594645,-0.5584793522117588,-0.241309,0.46423145679680833,-0.8164947382356169,0.34140869590985023,0.135318,-0.6522462751727105,-0.05508067731115052,0.755165754122411,-0.03152,0.0,0.0,0.0,1.0</params>
							</transformation>
							<images>
								<img>http://ibr.spatialhumanities.de/pano/gamma/rgb/gamma_01_0</img>
								<img>http://ibr.spatialhumanities.de/pano/gamma/rgb/gamma_01_1</img>
								<img>http://ibr.spatialhumanities.de/pano/gamma/rgb/gamma_01_2</img>
								<img>http://ibr.spatialhumanities.de/pano/gamma/rgb/gamma_01_3</img>
								<img>http://ibr.spatialhumanities.de/pano/gamma/rgb/gamma_01_4</img>
								<img>http://ibr.spatialhumanities.de/pano/gamma/rgb/gamma_01_5</img>
							</images>
						</panorama>
						<panorama>
							<structuraltype>cube</structuraltype>
							<kindof>Intensitaetsbild des Laserscanners (rem)</kindof>
							<transformation>
								<srccrs>panorama</srccrs>
								<dstcrs>viewpoint</dstcrs>
								<params>1.0,0.0,0.0,0.0,0.0,1.0,0.0,0.0,0.0,0.0,1.0,0.0,0.0,0.0,0.0,1.0</params>
							</transformation>
							<images>
								<img>http://ibr.spatialhumanities.de/pano/gamma/rem/gamma_01_0</img>
								<img>http://ibr.spatialhumanities.de/pano/gamma/rem/gamma_01_1</img>
								<img>http://ibr.spatialhumanities.de/pano/gamma/rem/gamma_01_2</img>
								<img>http://ibr.spatialhumanities.de/pano/gamma/rem/gamma_01_3</img>
								<img>http://ibr.spatialhumanities.de/pano/gamma/rem/gamma_01_4</img>
								<img>http://ibr.spatialhumanities.de/pano/gamma/rem/gamma_01_5</img>
							</images>
						</panorama>
					</panoramas>
				</viewpoint>
				<viewpoint name="gamma_02">
					<metadata>
						<viewpointname>gamma_02</viewpointname>
						<transformation>
							<srccrs>viewpoint</srccrs>
							<dstcrs>spatialcontext</dstcrs>
							<params>-0.6385300828931927,0.769577692822536,0.005432122085786917,5.205,-0.7695963882942519,-0.638521630684798,-0.003395036387063188,-1.806,8.557831824909214E-4,-0.006348374403651914,0.9999794826783074,-0.012,0.0,0.0,0.0,1.0</params>
						</transformation>
					</metadata>
					<pointclouds>
						<pointcloud>
							<metadata>
								<filename>gamma_02.PTG</filename>
								<type>PTG</type>
								<bbox_local>0,0,0,0</bbox_local>
								<bbox_global>0,0,0,0</bbox_global>
								<bbox_polar>0,0,0,0</bbox_polar>
								<remissionrange>0,0</remissionrange>
								<rows>0</rows>
								<cols>0</cols>
							</metadata>
							<transformation>
								<srccrs>pointcloud</srccrs>
								<dstcrs>viewpoint</dstcrs>
								<params>1.0,0.0,0.0,0.0,0.0,1.0,0.0,0.0,0.0,0.0,1.0,0.0,0.0,0.0,0.0,1.0</params>
							</transformation>
						</pointcloud>
					</pointclouds>
					<panoramas>
						<panorama>
							<structuraltype>cube</structuraltype>
							<kindof>Farbpanorama (rgb)</kindof>
							<transformation>
								<srccrs>panorama</srccrs>
								<dstcrs>viewpoint</dstcrs>
								<params>-0.30180861722932995,-0.8964457746558623,0.3237755178465027,-0.046508,0.951199184715658,-0.3048616683311009,0.042585542941771165,0.055169,0.06054522154049334,0.3209024627095109,0.9449285369087885,0.005956,0.0,0.0,0.0,1.0</params>
							</transformation>
							<images>
								<img>http://ibr.spatialhumanities.de/pano/gamma/rgb/gamma_02_0</img>
								<img>http://ibr.spatialhumanities.de/pano/gamma/rgb/gamma_02_1</img>
								<img>http://ibr.spatialhumanities.de/pano/gamma/rgb/gamma_02_2</img>
								<img>http://ibr.spatialhumanities.de/pano/gamma/rgb/gamma_02_3</img>
								<img>http://ibr.spatialhumanities.de/pano/gamma/rgb/gamma_02_4</img>
								<img>http://ibr.spatialhumanities.de/pano/gamma/rgb/gamma_02_5</img>
							</images>
						</panorama>
						<panorama>
							<structuraltype>cube</structuraltype>
							<kindof>Intensitaetsbild des Laserscanners (rem)</kindof>
							<transformation>
								<srccrs>panorama</srccrs>
								<dstcrs>viewpoint</dstcrs>
								<params>1.0,0.0,0.0,0.0,0.0,1.0,0.0,0.0,0.0,0.0,1.0,0.0,0.0,0.0,0.0,1.0</params>
							</transformation>
							<images>
								<img>http://ibr.spatialhumanities.de/pano/gamma/rem/gamma_02_0</img>
								<img>http://ibr.spatialhumanities.de/pano/gamma/rem/gamma_02_1</img>
								<img>http://ibr.spatialhumanities.de/pano/gamma/rem/gamma_02_2</img>
								<img>http://ibr.spatialhumanities.de/pano/gamma/rem/gamma_02_3</img>
								<img>http://ibr.spatialhumanities.de/pano/gamma/rem/gamma_02_4</img>
								<img>http://ibr.spatialhumanities.de/pano/gamma/rem/gamma_02_5</img>
							</images>
						</panorama>
					</panoramas>
				</viewpoint>
				<viewpoint name="gamma_03">
					<metadata>
						<viewpointname>gamma_03</viewpointname>
						<transformation>
							<srccrs>viewpoint</srccrs>
							<dstcrs>spatialcontext</dstcrs>
							<params>0.3248730078480536,-0.9457512757874899,-0.0034717600858715264,9.549,0.9457444434466603,0.32488568107524307,-0.004091689387318806,2.993,0.004997645598211109,-0.001954118371754676,0.9999856023762862,0.016,0.0,0.0,0.0,1.0</params>
						</transformation>
					</metadata>
					<pointclouds>
						<pointcloud>
							<metadata>
								<filename>gamma_03.PTG</filename>
								<type>PTG</type>
								<bbox_local>0,0,0,0</bbox_local>
								<bbox_global>0,0,0,0</bbox_global>
								<bbox_polar>0,0,0,0</bbox_polar>
								<remissionrange>0,0</remissionrange>
								<rows>0</rows>
								<cols>0</cols>
							</metadata>
							<transformation>
								<srccrs>pointcloud</srccrs>
								<dstcrs>viewpoint</dstcrs>
								<params>1.0,0.0,0.0,0.0,0.0,1.0,0.0,0.0,0.0,0.0,1.0,0.0,0.0,0.0,0.0,1.0</params>
							</transformation>
						</pointcloud>
					</pointclouds>
					<panoramas>
						<panorama>
							<structuraltype>cube</structuraltype>
							<kindof>Farbpanorama (rgb)</kindof>
							<transformation>
								<srccrs>panorama</srccrs>
								<dstcrs>viewpoint</dstcrs>
								<params>0.4417513286125726,-0.743529480536635,-0.5022506238581977,-0.003409,0.8694804402125726,0.2164795841127902,0.44427060185668854,0.016554,-0.22157513777673202,-0.6328795423769639,0.7420269247702183,-0.027971,0.0,0.0,0.0,1.0</params>
							</transformation>
							<images>
								<img>http://ibr.spatialhumanities.de/pano/gamma/rgb/gamma_03_0</img>
								<img>http://ibr.spatialhumanities.de/pano/gamma/rgb/gamma_03_1</img>
								<img>http://ibr.spatialhumanities.de/pano/gamma/rgb/gamma_03_2</img>
								<img>http://ibr.spatialhumanities.de/pano/gamma/rgb/gamma_03_3</img>
								<img>http://ibr.spatialhumanities.de/pano/gamma/rgb/gamma_03_4</img>
								<img>http://ibr.spatialhumanities.de/pano/gamma/rgb/gamma_03_5</img>
							</images>
						</panorama>
						<panorama>
							<structuraltype>cube</structuraltype>
							<kindof>Intensitaetsbild des Laserscanners (rem)</kindof>
							<transformation>
								<srccrs>panorama</srccrs>
								<dstcrs>viewpoint</dstcrs>
								<params>1.0,0.0,0.0,0.0,0.0,1.0,0.0,0.0,0.0,0.0,1.0,0.0,0.0,0.0,0.0,1.0</params>
							</transformation>
							<images>
								<img>http://ibr.spatialhumanities.de/pano/gamma/rem/gamma_03_0</img>
								<img>http://ibr.spatialhumanities.de/pano/gamma/rem/gamma_03_1</img>
								<img>http://ibr.spatialhumanities.de/pano/gamma/rem/gamma_03_2</img>
								<img>http://ibr.spatialhumanities.de/pano/gamma/rem/gamma_03_3</img>
								<img>http://ibr.spatialhumanities.de/pano/gamma/rem/gamma_03_4</img>
								<img>http://ibr.spatialhumanities.de/pano/gamma/rem/gamma_03_5</img>
							</images>
						</panorama>
					</panoramas>
				</viewpoint>
			</resource>
		</resources>
	</spatialcontext>
</genericviewer>
